lr0: 0.02306
lrf: 0.143
momentum: 0.93249
weight_decay: 0.00034
warmup_epochs: 2.45843
warmup_momentum: 0.458
warmup_bias_lr: 0.07887
box: 0.06358
cls: 1.52
cls_pw: 0.52844
obj: 1.16935
obj_pw: 0.698
iou_t: 0.2
anchor_t: 2.29295
fl_gamma: 0.0
hsv_h: 0.02125
hsv_s: 0.84565
hsv_v: 0.27923
degrees: 0.0
translate: 0.118
scale: 0.43966
shear: 0.0
perspective: 0.0
flipud: 0.0
fliplr: 0.5
mosaic: 0.833
mixup: 0.0
